100001000000000000000000000000
010010000000000000000000000000
001100000000000000000000000000
010010000000000000000000000000
100001000000000000000000000000
000000100001000000000000000000
000000010010000000000000000000
000000001100000000000000000000
000000010010000000000000000000
000000100001000000000000000000
000000000000000000000000000000
000000000000000000000000000000
000000000000000000000000000000
000000000000000000000000000000
000000000000000000000000000000
000000000000000000000000000000
000000000000000000000000000000
000000000000000000000000000000
000000000000000000000000000000
000000000000000000000000000000
000000000000000000000000000000
000000000000000000000000000000
000000000000000000000000000000
000000000000000000000000000000
000000000000000000000000000000
000000000000000000000000000000
000000000000000000000000000000
000000000000000000000000000000
000000000000000000000000000000
000000000000000000000000000000
